2000 157
883827610
771170632
906027207
783182007
488243710
257746058
449713231
15672553
574070021
845830890
710789602
537475475
759053758
935591184
806566860
282534083
337257533
114451267
313518457
955930658
79777133
539483535
220421527
955875219
604484222
877307297
140456195
600589661
888037459
539913053
303907601
723229860
445626619
199187463
499594996
433570312
171736943
642276582
149873245
127158129
659662807
788149459
300516466
617448203
46529382
212531518
576471457
640326367
392867101
825006915
782984396
750385751
83241355
152415510
734535045
818473565
897378412
315211990
401797906
781600281
931574367
97659885
274265596
17613069
763483130
305583769
362109822
309878304
455483261
204801685
105639579
413093589
894689536
859452404
627449837
110873467
696551968
461241678
745389866
856940293
800384982
441065724
963517081
796156128
688012764
26146305
257333549
766343987
91421148
16300820
697725996
245370748
179915747
182333291
83581462
639976186
936520448
967601372
466257080
482807556
975555564
898670549
208383119
873612622
233084742
360257428
378304406
195774625
626675645
193686279
864976992
669784235
282944841
574971047
778047803
309631150
914237305
344473854
74504785
402178620
465355647
359018784
770243677
712730024
106878918
823925756
308081879
794616784
155280815
159445825
377028105
134499236
522083735
823123461
452288644
167179455
97427665
596618083
644067105
593559648
704944365
367984195
724053879
332838631
460819496
632310559
166795870
900358959
852399430
287548473
704261670
254188882
331978304
133571446
368044257
823771345
625259338
315204176
179757236
860429292
706400792
348517341
19001700
488544464
731292339
494309497
107912390
442692267
780332242
819412294
417291111
737360600
889337543
178059966
136735236
398111727
695433846
709494199
280081676
717186514
605780453
366161795
241143163
438446611
809992995
989890527
576893726
305787151
882866834
320890262
319211833
593491057
174465541
990257844
583458376
522007742
276841477
199978478
23208339
611476315
350143783
409383254
389267118
154496103
680518273
478923620
297713158
876224895
397009257
926736028
62607698
164651362
161919347
257462100
30258000
801204404
626431107
192692096
506350966
747845813
145336737
212548285
844630964
83445366
570673471
740529576
995489836
575432281
50388625
811238514
301907207
59871725
875223427
417335151
476179096
491670276
956617489
267836827
676769175
454598889
677256209
561768898
493616604
938395696
74922149
452314648
764383322
835528332
693399202
80456900
280518301
437882479
957406711
270292089
585625201
999390215
699761489
617689094
908882110
118268988
869109601
78005782
457825086
237240967
831128196
368928554
454818377
336631743
388833660
460184550
427986066
416154470
981497610
888964472
647851811
402771643
132202434
340241535
737964207
656481822
258719568
968237656
694378130
722956211
723646467
317262043
246879621
554767250
600842015
548808600
370303077
734709789
613595901
625195865
530232770
943292313
957476564
764437820
416568673
146513606
857199382
909677185
417927307
847101528
260024097
805283740
999211327
5439578
480133677
873134881
249275875
687654189
6715381
175971421
474326932
484950363
574407251
453631609
650054132
348351113
742747760
880993446
106149636
497009091
713894974
219602927
397138967
895857913
945959502
138999664
355760685
976519429
675705206
593485249
367861591
391725913
562811250
45551118
502125041
793048442
639779627
687869602
791742952
238764378
990780501
503225804
944918683
185052330
555839000
941027323
473956210
94644600
718304932
964591821
44563522
937312806
636301146
939032058
197033487
501800033
816124474
412494991
526460737
938735952
825532215
86345909
293317517
30620889
226425884
874122887
801529820
555459016
625724602
280921106
569445905
65338445
344497567
547292527
540193019
235227799
180521885
74100692
887666143
744357404
330771300
789422054
744951955
242654128
573635039
768175082
835851018
393501365
337560308
171722791
191600433
686940055
554776503
209108130
393796441
255861476
720666061
635569126
26837068
805543629
22434332
594763373
158210954
532118719
273073970
191527921
849452933
384778780
293736748
461418053
487771175
977755665
754195687
255584864
131267984
41112348
807770432
444458889
902365284
560199566
990784886
118866229
900470368
312462472
549432815
750266929
324859432
36777248
191415414
397976902
903352545
701461010
689121702
529078753
510697335
929313182
998970404
920635004
919371560
310553529
374791639
442158635
63323068
521600977
663075393
753750869
305844126
460294995
193934259
217204849
875186675
781289819
928625613
859304360
229582422
168858653
991889827
557717766
687534969
20444732
535609447
886157717
294972348
655883079
674458852
170466702
703127856
354955670
428612662
670294631
227225178
740979841
749030054
29535296
400163433
662014399
436730298
980189106
17382263
151139275
901276068
397638335
874133535
771462596
345009255
743320440
59176941
996455723
934543969
737862006
979649131
541119356
953182907
891023587
566526127
796812006
177095217
714764967
474072573
127926605
500509209
6054849
472225239
739662069
587794706
506285480
274933191
770367907
915545300
966318781
488112250
72010631
303838728
444995589
904961538
841372628
426564024
981526227
289740674
624509303
417045387
994822047
511628970
307398030
822371591
603638451
59362285
551659554
440367760
284152077
20900760
648128863
833997613
10344495
989535282
600328403
438440572
945779079
525124114
457237547
798113258
266491696
850695760
102985372
850668275
804802229
411012201
284079607
116625068
225591682
464086644
414964599
883769774
435179907
678296081
634474955
756622440
452121711
415953440
163566114
329807175
353322004
777032107
981974355
385897314
996448385
168347102
450596137
399421430
260469018
44562313
759095909
404427503
512760058
884832439
890822019
295651347
989804636
298567803
62204106
55772095
842434857
885221518
767150307
313554014
583360933
369162525
822760289
964052430
827360309
530536597
759342875
849473372
525655048
448724868
471798059
250842340
711517811
655942798
714213574
623177665
245411
210065784
373142616
328784701
929959381
847688744
212867162
29017215
923500665
4145029
333191898
441515692
785416951
479135134
343025797
286887337
741876527
194047347
698604032
355059592
523322667
205871111
995352043
768921960
425339801
537243150
3404806
831225705
202594462
892643652
274181171
851532753
330731536
505936824
862756048
422155272
352139253
373824654
691625096
4459589
813281272
272285012
441226171
948541610
385264088
572203547
825834572
918660504
917312467
323824904
255506733
279315157
144916021
664191442
313418205
411041361
981741280
635912932
932096856
203828447
239651783
436693649
166985292
661034911
925141754
196218383
929845936
445230242
372304878
901110422
95481811
943912078
70065932
790882955
15658164
259203489
470935120
288321150
81633188
825730102
393097642
116744748
917002303
526837176
716496970
462835962
320477834
726026019
725244674
839541960
881394085
895673995
191695492
700265099
428785933
928302397
959161689
214239265
993011576
490137665
105534361
746434813
469018226
473809285
959985845
758454080
489996277
101092909
151679025
51762768
411285357
136268868
736672112
555419526
373222642
341954448
745283055
44392596
171062907
626253445
968358594
345609371
636902777
228133688
385458884
843353207
716111294
339489659
235557448
73642170
112013648
879630859
289045564
984035783
985442496
291865318
776691647
390187882
641695536
594265501
146840880
743137239
63088889
426269406
455519266
739786186
47214592
380143
799024122
295469828
85702232
917598357
522823643
751249056
327271402
480133049
213631276
511576216
989014124
414240243
194263953
614649703
990244470
3082636
189578825
285456885
289521950
193720181
247879139
802956317
633640468
236203202
651871833
696588649
441812567
582422932
592371872
8426180
770807627
964978210
556172674
646761034
453689758
292454700
441410533
111082813
307917807
893764051
183726458
948123106
778090336
634370771
937664595
490453463
17001800
34337796
538644261
264977098
75316643
100950214
657494798
760251536
474281833
41486966
49163153
158253738
251625144
937174502
201730148
454925567
520831150
594107521
844900790
203863054
686019711
852993682
982890451
833402214
403942223
187785139
129306117
515786192
543669534
147016800
388587088
410037079
478405286
27873525
273306754
428210450
656582372
878311597
648145672
144106161
467203178
179648329
315700351
205657986
450438307
294397306
477622395
218234958
213638096
631019269
276340578
341397729
261887242
812444531
709013142
832099910
506668881
652454889
83576284
345548701
462087116
452238893
406271804
777966204
71250409
982594563
794542163
889893530
849105088
233174625
208394610
973221723
299163536
884075675
721612132
451507520
58494850
720028774
340520817
66576033
405620270
303877330
303913542
126750973
376038951
73849116
52466
366877692
139779577
896313153
409042843
96820409
108012407
125152227
410458520
16386464
831083966
617423719
453506925
967951050
324017332
104278492
981190131
171790406
724674088
307854661
511083496
689096866
16667632
69545860
557901912
71891425
726470623
495981047
413139553
544825982
414980271
352613090
156618696
329752927
639069421
549523131
419743936
549289091
884259036
426471756
232620106
612234465
608627673
507376155
618549341
138396264
349123296
744967640
674291531
222688782
779117369
988230354
733859395
154615000
607866205
951980376
725775841
976573053
608691914
656667109
994430354
969034534
939838957
997379220
9208939
402013085
716015891
938297065
676129221
284982828
734791403
202971429
83818550
150478945
466388218
532030021
612202178
236237798
723413393
548191554
929847993
654283226
712343893
681157896
139042785
916695213
962740084
502099526
525054247
254524185
677244923
815463620
47837574
703828645
301367120
933581811
584077235
962254944
860802165
265833632
39264669
808736912
857672818
852821016
841177221
303761618
6060837
961843840
234487164
199232753
199084008
120219805
17239739
477565208
269128396
209491313
903765352
238272263
37760383
872693072
625075309
865286343
331438161
882366886
706113181
694235605
44728928
358779880
700019705
584820957
770367965
218662422
617264641
250000942
290340439
638461410
584038150
690109668
81250700
307255759
382014676
109428243
528015223
250423090
234429355
801065181
457568584
736923999
19784159
674331055
405878592
215035060
323358823
352569419
598276194
737340057
286301841
463505058
308007153
652211283
812496794
494706366
140397933
385203714
383778762
977408477
307945747
658130865
373145072
265424703
283861732
328615573
346612986
563626853
483941184
338760533
412070376
151367597
84833236
316667131
720046313
34403210
266528442
81460296
187281227
524143006
644671483
672207915
964526314
269640292
416273089
180250322
210326244
324693433
721951083
929758354
363461958
813340459
537708890
951946983
71888902
909808536
412947255
128357257
370664943
603862251
669337085
88236597
999130133
9229941
731364736
428842206
547438952
302937355
992704771
620675640
196802983
998049909
25465333
482692717
411903168
582316586
453242136
522389857
906660053
387591296
454645090
176519307
467516680
837472985
83406803
4977230
763334452
278990633
535375335
599259248
814294344
280420842
665301605
831154463
796388375
370096478
59412335
184469610
276048962
50222419
939106588
529198913
85248685
90532504
325934071
519194459
934528022
872985417
430720293
846822764
800860198
121589128
41400076
864287879
371855191
167640917
624361580
594671219
940289867
450035600
514486889
770949439
646164928
473999884
867673958
58476083
719068143
296734987
787816071
317769732
322480122
870314391
317477161
590789612
335078210
627076407
768586250
112494810
823777938
775169897
683934597
978759563
888661603
272222264
969680127
659890549
323275815
473785448
215620401
986971133
802554243
583001202
570587133
547903685
989434735
764162005
36806264
870610029
163179214
204089560
879752933
973779127
702273631
624330838
10535821
819873584
890269999
996944355
561686429
301524957
380420586
568378284
415811570
817939611
312501392
829180369
651716178
250071531
407038091
706792473
722085085
810321205
256361005
295070113
896683070
802965325
379629375
874079272
158425594
686922530
162698613
636546956
156434902
66596593
319885645
831875857
484959305
350300280
515618158
119067802
773904826
532748890
417604086
422437883
311162328
765703953
681938048
933778897
983203194
493522185
632828145
222337682
353322663
478187726
403340601
941149057
995601966
602890645
167757923
701697232
490673121
753218
408122410
78219842
519055317
95650041
373938861
579761957
444134216
385097447
432660876
206551588
890977417
946060372
469514147
180555921
268256873
520558014
359212746
956870139
210426694
605346538
865676025
18407776
941117642
431077300
204933517
114505561
263700036
889145401
196556329
222420547
656182181
744810905
93380509
536464725
723526159
326042290
694946564
210814296
564180527
682681238
650734765
62449487
27820054
229734622
471779232
499713816
789514411
574834501
66333290
401114916
720358211
389582359
671898139
507700840
502386651
408315545
431271858
734022525
919631668
231363553
955244958
156064804
660492393
42790074
723463922
786310932
158778790
334351536
580292963
421466599
934507350
294740821
412172138
750035180
302833860
631367551
458810354
224129153
150289960
560965765
254023565
239268833
864954759
862470905
338920654
213765198
344958262
927507482
376507784
942800744
558928571
461557264
716172793
681974694
356627077
343884910
866572266
91365533
973865838
593932118
11843172
676237379
225003682
590445769
414997192
3664807
300171359
426524788
50558245
729838866
737698634
323396903
551044957
20855060
226744530
29698451
198409947
921288211
543475128
227994340
587432033
389573082
765536093
456446117
764896605
520123571
83949389
426871562
162400474
590722009
991566603
788904357
154111001
297917312
581400208
828568783
304867787
402441391
69585250
381004438
246729040
589161279
13664896
544812042
595705877
926192352
923985924
673490807
136617990
299477658
508938946
617317789
835373546
268987604
906434192
700725352
634633711
285090218
360989609
266677868
352944073
388501149
385382241
138773514
597446912
771733592
397610317
660266784
800000118
30996261
461507162
625895307
167031713
935212451
585916493
441703685
419233501
944128989
261484236
530040145
852550647
784873902
842648606
948516741
131287359
577434022
974130118
421501361
199081338
913820285
232724951
486799115
505788192
107681976
277661451
846205549
225661278
982137137
993241979
754823965
10778413
910733652
79697308
330826386
378722198
770375714
138429611
859800403
338122521
57865505
960685246
378545959
907985654
973030260
400705130
741958680
710850639
671680157
910044975
752768325
274519051
197329740
546942910
8099560
944028281
432586739
114095499
79663264
451186250
197957668
868732986
746664623
37399587
407696421
376936367
483613362
21821876
15675420
735154471
583681739
343035729
372530280
832910878
783286751
821757758
850310263
891532560
752959367
643175105
963591722
906089074
882043122
204587382
737384309
831959273
684101777
401339952
22298838
181979126
609285078
693532352
913076429
605044433
659269400
812791741
62252640
406139177
390866779
10114004
615568484
795174307
243614619
587491257
633366949
84263632
48311549
92591067
973998539
443653166
693223568
353327847
255318691
122315692
298741031
113820158
17583377
545863741
306844326
100028333
251650551
887307536
151210689
185179532
726755881
470332864
503443268
871832881
99766990
225173410
423526137
147208324
257393303
241540347
560130468
305091962
500337290
76499140
841923669
289679412
537002528
688523779
147414766
47846893
274265358
959955982
128992316
282027418
490278172
965677861
390751852
71015836
325969423
240178501
628349309
885242369
323185992
784592373
854730414
289713079
361459444
357126549
524441200
34435022
787014405
75192125
57294686
608887050
591518289
697816519
692707522
922481140
690147062
720696546
991918012
295377542
88750424
550562842
275612781
517691561
732055018
497204905
964797208
962760271
757539515
721618485
614234128
876208986
557517106
64502470
803614070
55831029
6682410
379186968
84577488
456734872
141088053
808288043
50161759
452626311
611513253
250948402
794629384
45767100
450809087
730318382
371862159
187219048
172921620
638577349
170890031
984597389
731097364
700444778
117190910
294367658
18762539
575154167
784550566
298186211
278854279
656612401
10543165
514173112
877204253
350908465
454699848
759967619
573598617
658076099
991777975
232140543
623917550
467806956
398902181
471795401
767867792
92205739
235756731
744234206
671778821
901877538
552999492
6966268
134927152
459633533
876137789
843818255
189150879
94915402
2587371
630227646
513373525
683530457
931612897
560455301
149660066
129714087
948595340
872088776
889485379
165602185
173820848
106085196
26760219
648790661
130399521
359532001
241031053
942918733
933273566
302488238
780912083
603460512
922393670
644517322
417716117
286358634
867510400
502986693
949504799
656696644
897119757
220267991
612762005
162356038
888917810
265140777
434667273
213277784
991849431
374919676
771905888
86042086
558402985
717183328
224035483
817240508
826660685
532103094
240558972
109004209
899824518
61432745
169078260
825390147
690604836
123530541
683939974
899134980
629673444
400515739
160746897
458926588
320110695
968633657
779300488
749879446
729309470
21773131
5101733
916629393
301793117
562231740
644638228
134411713
437279971
316919096
965772957
969828220
409152690
540834812
891886324
633035400
603357507
507266281
347848305
706636364
221300441
508221212
718162793
633414215
744744496
698971725
179859204
626496974
686479848
520785927
16852778
216414466
486617489
597682076
36306428
720477071
854823824
82734134
722084964
360037855
300619367
269392743
214973204
785032342
912391164
773130024
971870366
50099764
941906599
68615667
607153916
250225309
3918311
599892404
259898878
536047791
309236186
165002311
638370104
537702542
798837267
669847319
481180867
688612534
743594626
890543471
398542158
312621203
64161850
263682569
283221979
613223086
389634262
184617529
711575431
595758781
524978680
869721312
330923744
811188775
417135492
434473413
306880450
427958174
696760928
714043704
716417481
850915278
632256688
161094462
483477007
988647728
869362898
427473196
60264216
932432839
423156398
629043567
185012816
822674585
274893460
19452733
988234099
767369788
19422623
463546251
227283106
68024499
355340012
926689563
947474567
422290662
237206000
24922404
961140113
871477556
547276553
704791861
189564019
375216404
229974786
23891526
517471120
881258118
713625578
325640394
478977666
675928038
724979878
82750473
247258746
39045821
917649116
954597767
855190408
735484107
83999340
277853905
601255906
265389108
858283301
900185892
79632678
273183575
811592320
170616736
936483985
532275048
537068336
453533470
274822597
754670324
738067662
892522011
461409090
903144994
52763133
659650172
262960909
186007840
572755286
822362291
430690237
821011109
983659797
44538305
49103897
789708265
260645686
248783117
906654189
77140401
898947454
905691473
890392229
240562865
881206233
203715171
393257521
410354080
935002446
859024406
706562820
287463247
310063110
907241977
930284249
190765543
948475812
495505402
957981968
267131618
571075955
660211188
936131942
236089015
191292890
633917795
525708029
677596387
878822796
41108740
13637665
303827023
918438266
455987849
267736907
342553201
239045401
264537247
558583595
128625503
191011410
528392093
509209293
746284761
278945552
86595214
587386906
926664821
909074933
208677103
867977833
653794277
779700955
869968938
176985008
72643167
238518340
183608499
770612938
859746683
160544088
5985783
981423240
722563273
764355726
48307867
203886955
483151979
263892746
418142154
23133660
370784213
245105895
536297826
922648660
462421422
418683532
105592361
314540347
356631334
477028763
978529911
646864143
763180280
747429917
838640671
345963556
885321517
