200 68
349035844
424674979
537803203
667613047
32901764
866499696
648953379
784512417
982749774
375492832
858968425
868480792
342713988
999842344
707522936
993303472
489279791
273230686
250764969
857689832
881493723
421728024
272801453
966213202
882197668
286325061
886243239
733421785
759957719
429177321
460545285
710641521
986632909
511649060
634885802
167588965
376172343
620787656
765181553
836399448
589689945
606271865
158384241
78141710
706289561
63106868
68091013
76964346
992195778
787614461
352015919
607178006
100055806
175947490
807343600
932588438
848992978
30753148
75779701
19308376
560766204
295909983
440933053
772798409
928001602
899652945
205294630
408008358
687881954
971609574
961192285
208651387
607264761
209074579
302711242
928823783
545539214
435547999
917452648
849020968
586658517
273032564
534645033
546592851
751716139
942240897
910840361
273588005
905217729
903695439
360636545
326935256
447722419
847160342
640531284
375500525
579222246
376679960
998349364
896171187
585548212
124774427
651248531
358820923
442296883
362846700
55167350
784884918
379555570
545818452
648253026
744598607
619967721
163415403
447305313
635527456
993532558
899653559
633270210
479454551
721763133
364186079
511268338
347413021
798150629
769765342
733542143
568021071
34920379
860573330
363640531
844450556
930031286
686908742
666778466
872126771
934485272
362225729
410991072
498158700
294889524
165083391
180022019
108619401
686869279
620138873
67536510
31854599
135125360
641499983
133872878
384815632
15844918
175615555
387016154
149410023
209928049
799080070
480974513
813054324
402502277
933670853
787296861
145863203
610204636
421020676
14291472
172806650
754581326
565284
854137561
910593071
928417597
659275540
151512056
377654127
147476887
114034696
611233542
297221959
19557752
352616592
368431868
536321429
752977140
377032446
950496021
212053853
160773110
387191910
389075671
716109789
691963177
144506203
39353192
634762867
204779231
948756652
230269848
465714689
